freq	power	ampl	char					
1.00E-03	7.73E-13	8.79E-07	2.78E-08					
1.02E-03	7.15E-13	8.45E-07	2.70E-08					
1.03E-03	6.61E-13	8.13E-07	2.61E-08					
1.05E-03	6.11E-13	7.82E-07	2.53E-08					
1.07E-03	5.65E-13	7.52E-07	2.46E-08					
1.08E-03	5.23E-13	7.23E-07	2.38E-08					
1.10E-03	4.84E-13	6.96E-07	2.31E-08					
1.12E-03	4.48E-13	6.69E-07	2.24E-08					
1.14E-03	4.14E-13	6.44E-07	2.17E-08					
1.16E-03	3.83E-13	6.19E-07	2.11E-08					
1.18E-03	3.55E-13	5.96E-07	2.04E-08					
1.19E-03	3.29E-13	5.73E-07	1.98E-08					
1.21E-03	3.04E-13	5.52E-07	1.92E-08					
1.23E-03	2.82E-13	5.31E-07	1.86E-08					
1.25E-03	2.61E-13	5.11E-07	1.81E-08					
1.27E-03	2.42E-13	4.92E-07	1.75E-08					
1.29E-03	2.24E-13	4.73E-07	1.70E-08					
1.32E-03	2.07E-13	4.55E-07	1.65E-08					
1.34E-03	1.92E-13	4.38E-07	1.60E-08					
1.36E-03	1.78E-13	4.22E-07	1.55E-08					
1.38E-03	1.65E-13	4.06E-07	1.51E-08					
1.40E-03	1.53E-13	3.91E-07	1.46E-08					
1.43E-03	1.42E-13	3.76E-07	1.42E-08					
1.45E-03	1.31E-13	3.62E-07	1.38E-08					
1.47E-03	1.22E-13	3.49E-07	1.34E-08					
1.50E-03	1.13E-13	3.36E-07	1.30E-08					
1.52E-03	1.04E-13	3.23E-07	1.26E-08					
1.55E-03	9.68E-14	3.11E-07	1.22E-08					
1.57E-03	8.98E-14	3.00E-07	1.19E-08					
1.60E-03	8.32E-14	2.88E-07	1.15E-08					
1.62E-03	7.71E-14	2.78E-07	1.12E-08					
1.65E-03	7.15E-14	2.67E-07	1.09E-08					
1.68E-03	6.59E-14	2.57E-07	1.05E-08					
1.70E-03	6.00E-14	2.45E-07	1.01E-08					
1.73E-03	5.47E-14	2.34E-07	9.73E-09					
1.76E-03	4.99E-14	2.23E-07	9.37E-09					
1.79E-03	4.55E-14	2.13E-07	9.02E-09					
1.82E-03	4.15E-14	2.04E-07	8.68E-09					
1.85E-03	3.78E-14	1.95E-07	8.36E-09					
1.88E-03	3.45E-14	1.86E-07	8.05E-09					
1.91E-03	3.15E-14	1.77E-07	7.75E-09					
1.94E-03	2.88E-14	1.70E-07	7.46E-09					
1.97E-03	2.63E-14	1.62E-07	7.19E-09					
2.00E-03	2.40E-14	1.55E-07	6.93E-09					
2.03E-03	2.19E-14	1.48E-07	6.67E-09					
2.07E-03	2.00E-14	1.41E-07	6.43E-09					
2.10E-03	1.83E-14	1.35E-07	6.20E-09					
2.13E-03	1.67E-14	1.29E-07	5.97E-09					
2.17E-03	1.53E-14	1.24E-07	5.76E-09					
2.20E-03	1.40E-14	1.18E-07	5.55E-09					
2.24E-03	1.28E-14	1.13E-07	5.35E-09					
2.28E-03	1.17E-14	1.08E-07	5.15E-09					
2.31E-03	1.07E-14	1.03E-07	4.97E-09					
2.35E-03	9.76E-15	9.88E-08	4.79E-09					
2.39E-03	8.93E-15	9.45E-08	4.62E-09					
2.43E-03	8.17E-15	9.04E-08	4.45E-09					
2.47E-03	7.47E-15	8.64E-08	4.29E-09					
2.51E-03	6.83E-15	8.27E-08	4.14E-09					
2.55E-03	6.25E-15	7.91E-08	3.99E-09					
2.59E-03	5.72E-15	7.56E-08	3.85E-09					
2.63E-03	5.23E-15	7.23E-08	3.71E-09					
2.68E-03	4.79E-15	6.92E-08	3.58E-09					
2.72E-03	4.38E-15	6.62E-08	3.45E-09					
2.76E-03	4.01E-15	6.33E-08	3.33E-09					
2.81E-03	3.67E-15	6.05E-08	3.21E-09					
2.85E-03	3.35E-15	5.79E-08	3.09E-09					
2.90E-03	3.07E-15	5.54E-08	2.98E-09					
2.95E-03	2.81E-15	5.30E-08	2.88E-09					
3.00E-03	2.57E-15	5.07E-08	2.77E-09					
3.04E-03	2.35E-15	4.85E-08	2.67E-09					
3.09E-03	2.21E-15	4.70E-08	2.61E-09					
3.14E-03	2.08E-15	4.56E-08	2.56E-09					
3.20E-03	1.96E-15	4.43E-08	2.50E-09					
3.25E-03	1.85E-15	4.30E-08	2.45E-09					
3.30E-03	1.74E-15	4.17E-08	2.40E-09					
3.35E-03	1.64E-15	4.05E-08	2.34E-09					
3.41E-03	1.54E-15	3.92E-08	2.29E-09					
3.46E-03	1.45E-15	3.80E-08	2.24E-09					
3.52E-03	1.36E-15	3.68E-08	2.19E-09					
3.58E-03	1.27E-15	3.57E-08	2.13E-09					
3.64E-03	1.19E-15	3.46E-08	2.08E-09					
3.69E-03	1.12E-15	3.35E-08	2.03E-09					
3.75E-03	1.05E-15	3.24E-08	1.98E-09					
3.82E-03	9.81E-16	3.13E-08	1.93E-09					
3.88E-03	9.17E-16	3.03E-08	1.89E-09					
3.94E-03	8.57E-16	2.93E-08	1.84E-09					
4.01E-03	8.00E-16	2.83E-08	1.79E-09					
4.07E-03	7.47E-16	2.73E-08	1.74E-09					
4.14E-03	6.97E-16	2.64E-08	1.70E-09					
4.20E-03	6.49E-16	2.55E-08	1.65E-09					
4.27E-03	6.04E-16	2.46E-08	1.61E-09					
4.34E-03	5.62E-16	2.37E-08	1.56E-09					
4.41E-03	5.23E-16	2.29E-08	1.52E-09					
4.48E-03	4.86E-16	2.20E-08	1.48E-09					
4.56E-03	4.51E-16	2.12E-08	1.43E-09					
4.63E-03	4.18E-16	2.05E-08	1.39E-09					
4.71E-03	3.88E-16	1.97E-08	1.35E-09					
4.78E-03	3.59E-16	1.90E-08	1.31E-09					
4.86E-03	3.32E-16	1.82E-08	1.27E-09					
4.94E-03	3.07E-16	1.75E-08	1.23E-09					
5.02E-03	2.84E-16	1.69E-08	1.19E-09					
5.10E-03	2.62E-16	1.62E-08	1.16E-09					
5.18E-03	2.42E-16	1.56E-08	1.12E-09					
5.27E-03	2.23E-16	1.49E-08	1.08E-09					
5.35E-03	2.05E-16	1.43E-08	1.05E-09					
5.44E-03	1.89E-16	1.37E-08	1.01E-09					
5.53E-03	1.74E-16	1.32E-08	9.80E-10					
5.62E-03	1.60E-16	1.26E-08	9.47E-10					
5.71E-03	1.46E-16	1.21E-08	9.14E-10					
5.80E-03	1.34E-16	1.16E-08	8.83E-10					
5.90E-03	1.23E-16	1.11E-08	8.51E-10					
5.99E-03	1.12E-16	1.06E-08	8.21E-10					
6.09E-03	1.03E-16	1.01E-08	7.91E-10					
6.19E-03	9.39E-17	9.69E-09	7.63E-10					
6.29E-03	8.57E-17	9.26E-09	7.34E-10					
6.39E-03	7.81E-17	8.84E-09	7.07E-10					
6.50E-03	7.11E-17	8.43E-09	6.80E-10					
6.60E-03	6.42E-17	8.01E-09	6.51E-10					
6.71E-03	5.79E-17	7.61E-09	6.23E-10					
6.82E-03	5.21E-17	7.22E-09	5.96E-10					
6.93E-03	4.69E-17	6.85E-09	5.70E-10					
7.04E-03	4.22E-17	6.49E-09	5.45E-10					
7.16E-03	3.79E-17	6.16E-09	5.21E-10					
7.28E-03	3.40E-17	5.83E-09	4.97E-10					
7.39E-03	3.05E-17	5.52E-09	4.75E-10					
7.51E-03	2.73E-17	5.23E-09	4.53E-10					
7.64E-03	2.45E-17	4.95E-09	4.32E-10					
7.76E-03	2.19E-17	4.68E-09	4.12E-10					
7.89E-03	1.95E-17	4.42E-09	3.93E-10					
8.02E-03	1.74E-17	4.18E-09	3.74E-10					
8.15E-03	1.56E-17	3.94E-09	3.56E-10					
8.28E-03	1.39E-17	3.72E-09	3.39E-10					
8.41E-03	1.23E-17	3.51E-09	3.22E-10					
8.55E-03	1.10E-17	3.31E-09	3.06E-10					
8.69E-03	9.74E-18	3.12E-09	2.91E-10					
8.83E-03	8.64E-18	2.94E-09	2.76E-10					
8.97E-03	7.66E-18	2.77E-09	2.62E-10					
9.12E-03	6.78E-18	2.60E-09	2.49E-10					
9.27E-03	6.00E-18	2.45E-09	2.36E-10					
9.42E-03	5.31E-18	2.30E-09	2.24E-10					
9.57E-03	4.68E-18	2.16E-09	2.12E-10					
9.73E-03	4.13E-18	2.03E-09	2.00E-10					
9.89E-03	3.64E-18	1.91E-09	1.90E-10					
1.00E-02	3.12E-18	1.77E-09	1.77E-10					
1.02E-02	2.66E-18	1.63E-09	1.65E-10					
1.04E-02	2.27E-18	1.51E-09	1.54E-10					
1.05E-02	1.94E-18	1.39E-09	1.43E-10					
1.07E-02	1.65E-18	1.29E-09	1.33E-10					
1.09E-02	1.41E-18	1.19E-09	1.24E-10					
1.11E-02	1.20E-18	1.10E-09	1.15E-10					
1.12E-02	1.02E-18	1.01E-09	1.07E-10					
1.14E-02	8.69E-19	9.32E-10	9.97E-11					
1.16E-02	7.39E-19	8.60E-10	9.27E-11					
1.18E-02	6.28E-19	7.93E-10	8.61E-11					
1.20E-02	5.34E-19	7.31E-10	8.00E-11					
1.22E-02	4.53E-19	6.73E-10	7.43E-11					
1.24E-02	3.85E-19	6.20E-10	6.90E-11					
1.26E-02	3.26E-19	5.71E-10	6.41E-11					
1.28E-02	2.76E-19	5.26E-10	5.95E-11					
1.30E-02	2.34E-19	4.84E-10	5.52E-11					
1.32E-02	1.98E-19	4.45E-10	5.12E-11					
1.34E-02	1.68E-19	4.10E-10	4.75E-11					
1.37E-02	1.42E-19	3.77E-10	4.40E-11					
1.39E-02	1.20E-19	3.46E-10	4.08E-11					
1.41E-02	1.01E-19	3.19E-10	3.78E-11					
1.43E-02	8.60E-20	2.93E-10	3.51E-11					
1.46E-02	7.42E-20	2.72E-10	3.29E-11					
1.48E-02	6.39E-20	2.53E-10	3.07E-11					
1.50E-02	5.50E-20	2.34E-10	2.88E-11					
1.53E-02	4.73E-20	2.17E-10	2.69E-11					
1.55E-02	4.06E-20	2.02E-10	2.51E-11					
1.58E-02	3.49E-20	1.87E-10	2.35E-11					
1.60E-02	2.99E-20	1.73E-10	2.19E-11					
1.63E-02	2.57E-20	1.60E-10	2.05E-11					
1.66E-02	2.20E-20	1.48E-10	1.91E-11					
1.68E-02	1.88E-20	1.37E-10	1.78E-11					
1.71E-02	1.61E-20	1.27E-10	1.66E-11					
1.74E-02	1.38E-20	1.17E-10	1.55E-11					
1.77E-02	1.18E-20	1.09E-10	1.44E-11					
1.80E-02	1.01E-20	1.00E-10	1.34E-11					
1.82E-02	8.59E-21	9.27E-11	1.25E-11					
1.85E-02	7.33E-21	8.56E-11	1.17E-11					
1.88E-02	6.25E-21	7.91E-11	1.09E-11					
1.92E-02	5.33E-21	7.30E-11	1.01E-11					
1.95E-02	4.54E-21	6.74E-11	9.40E-12					
1.98E-02	3.87E-21	6.22E-11	8.75E-12					
2.01E-02	3.29E-21	5.74E-11	8.13E-12					
2.04E-02	2.80E-21	5.29E-11	7.56E-12					
2.08E-02	2.38E-21	4.88E-11	7.03E-12					
2.11E-02	2.02E-21	4.50E-11	6.54E-12					
2.14E-02	1.72E-21	4.15E-11	6.07E-12					
2.18E-02	1.46E-21	3.82E-11	5.64E-12					
2.21E-02	1.24E-21	3.52E-11	5.24E-12					
2.25E-02	1.08E-21	3.29E-11	4.93E-12					
2.29E-02	9.45E-22	3.07E-11	4.65E-12					
2.32E-02	8.26E-22	2.87E-11	4.38E-12					
2.36E-02	7.22E-22	2.69E-11	4.13E-12					
2.40E-02	6.30E-22	2.51E-11	3.89E-12					
2.44E-02	5.50E-22	2.35E-11	3.66E-12					
2.48E-02	4.80E-22	2.19E-11	3.45E-12					
2.52E-02	4.18E-22	2.04E-11	3.25E-12					
2.56E-02	3.64E-22	1.91E-11	3.05E-12					
2.60E-02	3.17E-22	1.78E-11	2.87E-12					
2.64E-02	2.76E-22	1.66E-11	2.70E-12					
2.69E-02	2.40E-22	1.55E-11	2.54E-12					
2.73E-02	2.09E-22	1.44E-11	2.39E-12					
2.78E-02	1.81E-22	1.35E-11	2.24E-12					
2.82E-02	1.58E-22	1.26E-11	2.11E-12					
2.87E-02	1.37E-22	1.17E-11	1.98E-12					
2.91E-02	1.19E-22	1.09E-11	1.86E-12					
2.96E-02	1.03E-22	1.02E-11	1.75E-12					
3.01E-02	8.96E-23	9.47E-12	1.64E-12					
3.06E-02	7.78E-23	8.82E-12	1.54E-12					
3.11E-02	6.75E-23	8.22E-12	1.45E-12					
3.16E-02	5.86E-23	7.65E-12	1.36E-12					
3.21E-02	5.40E-23	7.35E-12	1.32E-12					
3.26E-02	5.01E-23	7.08E-12	1.28E-12					
3.32E-02	4.65E-23	6.82E-12	1.24E-12					
3.37E-02	4.31E-23	6.56E-12	1.20E-12					
3.42E-02	3.99E-23	6.31E-12	1.17E-12					
3.48E-02	3.69E-23	6.07E-12	1.13E-12					
3.54E-02	3.41E-23	5.84E-12	1.10E-12					
3.59E-02	3.15E-23	5.61E-12	1.06E-12					
3.65E-02	2.91E-23	5.39E-12	1.03E-12					
3.71E-02	2.68E-23	5.18E-12	9.98E-13					
3.77E-02	2.47E-23	4.97E-12	9.66E-13					
3.83E-02	2.28E-23	4.78E-12	9.35E-13					
3.90E-02	2.10E-23	4.59E-12	9.05E-13					
3.96E-02	1.94E-23	4.40E-12	8.76E-13					
4.02E-02	1.79E-23	4.23E-12	8.48E-13					
4.09E-02	1.65E-23	4.06E-12	8.21E-13					
4.16E-02	1.52E-23	3.90E-12	7.95E-13					
4.22E-02	1.40E-23	3.74E-12	7.70E-13					
4.29E-02	1.29E-23	3.60E-12	7.45E-13					
4.36E-02	1.20E-23	3.46E-12	7.22E-13					
4.43E-02	1.10E-23	3.32E-12	7.00E-13					
4.50E-02	1.02E-23	3.20E-12	6.78E-13					
4.58E-02	9.67E-24	3.11E-12	6.65E-13					
4.65E-02	1.03E-23	3.20E-12	6.91E-13					
4.73E-02	1.09E-23	3.30E-12	7.17E-13					
4.80E-02	1.15E-23	3.39E-12	7.44E-13					
4.88E-02	1.22E-23	3.49E-12	7.72E-13					
4.96E-02	1.29E-23	3.59E-12	8.01E-13					
5.04E-02	1.37E-23	3.70E-12	8.31E-13					
5.13E-02	1.45E-23	3.81E-12	8.63E-13					
5.21E-02	1.54E-23	3.93E-12	8.96E-13					
5.29E-02	1.64E-23	4.05E-12	9.32E-13					
5.38E-02	1.75E-23	4.18E-12	9.71E-13					
5.47E-02	1.87E-23	4.33E-12	1.01E-12					
5.56E-02	2.01E-23	4.48E-12	1.06E-12					
5.65E-02	2.17E-23	4.66E-12	1.11E-12					
5.74E-02	2.35E-23	4.85E-12	1.16E-12					
5.83E-02	2.56E-23	5.06E-12	1.22E-12					
5.93E-02	2.82E-23	5.31E-12	1.29E-12					
6.02E-02	3.13E-23	5.60E-12	1.37E-12					
6.12E-02	3.52E-23	5.93E-12	1.47E-12					
6.22E-02	4.01E-23	6.34E-12	1.58E-12					
6.32E-02	4.66E-23	6.83E-12	1.72E-12					
6.42E-02	5.38E-23	7.34E-12	1.86E-12					
6.53E-02	5.36E-23	7.32E-12	1.87E-12					
6.63E-02	5.58E-23	7.47E-12	1.92E-12					
6.74E-02	6.15E-23	7.84E-12	2.04E-12					
6.85E-02	7.38E-23	8.59E-12	2.25E-12					
6.96E-02	1.01E-22	1.01E-11	2.65E-12					
7.08E-02	1.76E-22	1.33E-11	3.53E-12					
7.19E-02	5.60E-22	2.37E-11	6.35E-12					
7.31E-02	3.88E-19	6.23E-10	1.68E-10					
7.43E-02	2.92E-22	1.71E-11	4.66E-12					
7.55E-02	5.81E-23	7.62E-12	2.09E-12					
7.67E-02	2.02E-23	4.49E-12	1.24E-12					
7.80E-02	8.83E-24	2.97E-12	8.30E-13					
7.92E-02	4.40E-24	2.10E-12	5.90E-13					
8.05E-02	2.38E-24	1.54E-12	4.37E-13					
8.18E-02	1.36E-24	1.17E-12	3.34E-13					
8.32E-02	8.13E-25	9.01E-13	2.60E-13					
8.45E-02	5.50E-25	7.42E-13	2.16E-13					
8.59E-02	3.87E-25	6.22E-13	1.82E-13					
8.73E-02	2.78E-25	5.27E-13	1.56E-13					
8.87E-02	2.03E-25	4.50E-13	1.34E-13					
9.01E-02	1.50E-25	3.88E-13	1.16E-13					
9.16E-02	1.13E-25	3.36E-13	1.02E-13					
9.31E-02	8.54E-26	2.92E-13	8.91E-14					
9.46E-02	6.53E-26	2.56E-13	7.86E-14					
9.62E-02	5.04E-26	2.24E-13	6.96E-14					
9.77E-02	3.92E-26	1.98E-13	6.19E-14					
9.93E-02	3.07E-26	1.75E-13	5.52E-14					
1.01E-01	2.55E-26	1.60E-13	5.07E-14					
1.03E-01	2.21E-26	1.49E-13	4.76E-14					
1.04E-01	1.93E-26	1.39E-13	4.48E-14					
1.06E-01	1.69E-26	1.30E-13	4.23E-14					
1.08E-01	1.48E-26	1.22E-13	4.00E-14					
1.09E-01	1.31E-26	1.14E-13	3.79E-14					
1.11E-01	1.16E-26	1.08E-13	3.60E-14					
1.13E-01	1.04E-26	1.02E-13	3.42E-14					
1.15E-01	9.27E-27	9.63E-14	3.26E-14					
1.17E-01	8.33E-27	9.13E-14	3.12E-14					
1.19E-01	7.53E-27	8.68E-14	2.99E-14					
1.21E-01	6.84E-27	8.27E-14	2.87E-14					
1.22E-01	6.25E-27	7.90E-14	2.77E-14					
1.24E-01	5.74E-27	7.58E-14	2.67E-14					
1.27E-01	5.32E-27	7.29E-14	2.59E-14					
1.29E-01	4.96E-27	7.04E-14	2.52E-14					
1.31E-01	4.67E-27	6.83E-14	2.47E-14					
1.33E-01	4.43E-27	6.66E-14	2.43E-14					
1.35E-01	4.26E-27	6.53E-14	2.40E-14					
1.37E-01	4.15E-27	6.44E-14	2.39E-14					
1.39E-01	4.11E-27	6.41E-14	2.39E-14					
1.42E-01	4.14E-27	6.43E-14	2.42E-14					
1.44E-01	4.27E-27	6.54E-14	2.48E-14					
1.46E-01	4.54E-27	6.74E-14	2.58E-14					
1.49E-01	5.01E-27	7.07E-14	2.73E-14					
1.51E-01	5.81E-27	7.62E-14	2.96E-14					
1.54E-01	7.25E-27	8.51E-14	3.34E-14					
1.56E-01	1.01E-26	1.00E-13	3.97E-14					
1.59E-01	1.70E-26	1.30E-13	5.19E-14					
1.61E-01	4.33E-26	2.08E-13	8.35E-14					
1.64E-01	6.10E-25	7.81E-13	3.16E-13					
1.66E-01	1.10E-25	3.31E-13	1.35E-13					
1.69E-01	1.61E-26	1.27E-13	5.22E-14					
1.72E-01	5.73E-27	7.57E-14	3.14E-14					
1.75E-01	2.74E-27	5.24E-14	2.19E-14					
1.78E-01	1.53E-27	3.91E-14	1.65E-14					
1.80E-01	9.33E-28	3.06E-14	1.30E-14					
1.83E-01	6.07E-28	2.46E-14	1.05E-14					
1.86E-01	4.13E-28	2.03E-14	8.77E-15					
1.89E-01	2.90E-28	1.70E-14	7.42E-15					
1.92E-01	2.10E-28	1.45E-14	6.35E-15					
1.96E-01	1.55E-28	1.24E-14	5.50E-15					
1.99E-01	1.16E-28	1.08E-14	4.81E-15					
2.02E-01	8.11E-29	9.00E-15	4.05E-15					
2.05E-01	5.42E-29	7.36E-15	3.34E-15					
2.09E-01	3.68E-29	6.07E-15	2.77E-15					
2.12E-01	2.53E-29	5.03E-15	2.32E-15					
2.15E-01	1.77E-29	4.20E-15	1.95E-15					
2.19E-01	1.25E-29	3.54E-15	1.66E-15					
2.23E-01	9.13E-30	3.02E-15	1.43E-15					
2.26E-01	7.04E-30	2.65E-15	1.26E-15					
2.30E-01	6.74E-30	2.60E-15	1.24E-15					
2.34E-01	3.85E-29	6.20E-15	3.00E-15					
2.37E-01	7.06E-30	2.66E-15	1.29E-15					
2.41E-01	2.15E-30	1.47E-15	7.21E-16					
2.45E-01	1.26E-30	1.12E-15	5.56E-16					
2.49E-01	8.40E-31	9.17E-16	4.57E-16					
2.53E-01	5.85E-31	7.65E-16	3.85E-16					
2.57E-01	4.19E-31	6.47E-16	3.28E-16					
2.61E-01	3.05E-31	5.53E-16	2.83E-16					
2.66E-01	2.27E-31	4.76E-16	2.45E-16					
2.70E-01	1.71E-31	4.14E-16	2.15E-16					
2.74E-01	1.32E-31	3.63E-16	1.90E-16					
2.79E-01	1.03E-31	3.22E-16	1.70E-16					
2.83E-01	8.32E-32	2.88E-16	1.54E-16					
2.88E-01	6.88E-32	2.62E-16	1.41E-16					
2.93E-01	5.88E-32	2.43E-16	1.31E-16					
2.97E-01	5.26E-32	2.29E-16	1.25E-16					
3.02E-01	4.97E-32	2.23E-16	1.23E-16					
3.07E-01	5.09E-32	2.26E-16	1.25E-16					
3.12E-01	5.90E-32	2.43E-16	1.36E-16					
3.17E-01	8.49E-32	2.91E-16	1.64E-16					
3.22E-01	2.00E-31	4.47E-16	2.54E-16					
3.28E-01	8.09E-30	2.84E-15	1.63E-15					
3.33E-01	1.66E-31	4.07E-16	2.35E-16					
3.38E-01	2.39E-32	1.54E-16	8.99E-17					
3.44E-01	6.86E-33	8.28E-17	4.86E-17					
3.50E-01	2.58E-33	5.08E-17	3.00E-17					
3.55E-01	1.12E-33	3.35E-17	1.99E-17					
3.61E-01	5.33E-34	2.31E-17	1.39E-17					
3.67E-01	2.71E-34	1.65E-17	9.97E-18					
3.73E-01	1.44E-34	1.20E-17	7.34E-18					
3.79E-01	8.03E-35	8.96E-18	5.52E-18					
3.85E-01	4.61E-35	6.79E-18	4.22E-18					
3.91E-01	2.74E-35	5.23E-18	3.27E-18					
3.98E-01	1.67E-35	4.09E-18	2.58E-18					
4.04E-01	1.05E-35	3.24E-18	2.06E-18					
4.11E-01	6.77E-36	2.60E-18	1.67E-18					
4.17E-01	4.47E-36	2.11E-18	1.37E-18					
4.24E-01	2.84E-36	1.69E-18	1.10E-18					
4.31E-01	1.88E-36	1.37E-18	9.01E-19					
4.38E-01	1.31E-36	1.14E-18	7.57E-19					
4.45E-01	9.59E-37	9.79E-19	6.54E-19					
4.53E-01	7.55E-37	8.69E-19	5.84E-19					
4.60E-01	6.50E-37	8.06E-19	5.47E-19					
4.67E-01	6.34E-37	7.96E-19	5.44E-19					
4.75E-01	7.51E-37	8.67E-19	5.97E-19					
4.83E-01	1.28E-36	1.13E-18	7.87E-19					
4.91E-01	6.71E-36	2.59E-18	1.81E-18					
4.99E-01	6.49E-36	2.55E-18	1.80E-18					
5.07E-01	4.49E-37	6.70E-19	4.77E-19					
5.15E-01	1.19E-37	3.44E-19	2.47E-19					
5.23E-01	4.90E-38	2.21E-19	1.60E-19					
5.32E-01	2.75E-38	1.66E-19	1.21E-19					
5.40E-01	2.14E-38	1.46E-19	1.08E-19					
5.49E-01	2.76E-38	1.66E-19	1.23E-19					
5.58E-01	1.51E-37	3.88E-19	2.90E-19					
5.67E-01	5.59E-38	2.36E-19	1.78E-19					
5.76E-01	4.59E-39	6.77E-20	5.14E-20					
5.86E-01	1.17E-39	3.42E-20	2.62E-20					
5.95E-01	4.32E-40	2.08E-20	1.60E-20					
6.05E-01	1.93E-40	1.39E-20	1.08E-20					
6.15E-01	9.65E-41	9.82E-21	7.70E-21					
6.25E-01	5.17E-41	7.19E-21	5.69E-21					
6.35E-01	2.92E-41	5.40E-21	4.30E-21					
6.45E-01	1.70E-41	4.13E-21	3.32E-21					
6.56E-01	1.02E-41	3.20E-21	2.59E-21					
6.67E-01	6.28E-42	2.51E-21	2.05E-21					
6.77E-01	3.93E-42	1.98E-21	1.63E-21					
6.88E-01	2.49E-42	1.58E-21	1.31E-21					
7.00E-01	1.60E-42	1.27E-21	1.06E-21					
7.11E-01	1.04E-42	1.02E-21	8.62E-22					
7.23E-01	6.89E-43	8.30E-22	7.05E-22					
7.34E-01	4.59E-43	6.78E-22	5.81E-22					
7.46E-01	3.10E-43	5.56E-22	4.81E-22					
7.58E-01	2.11E-43	4.60E-22	4.00E-22					
7.71E-01	1.46E-43	3.82E-22	3.35E-22					
7.83E-01	1.02E-43	3.19E-22	2.82E-22					
7.96E-01	7.20E-44	2.68E-22	2.39E-22					
8.09E-01	5.16E-44	2.27E-22	2.04E-22					
8.22E-01	3.76E-44	1.94E-22	1.76E-22					
8.35E-01	2.78E-44	1.67E-22	1.53E-22					
8.49E-01	2.09E-44	1.45E-22	1.33E-22					
8.63E-01	1.60E-44	1.27E-22	1.18E-22					
8.77E-01	1.25E-44	1.12E-22	1.05E-22					
8.91E-01	9.90E-45	9.95E-23	9.39E-23					
9.06E-01	8.00E-45	8.95E-23	8.51E-23					
9.20E-01	6.59E-45	8.12E-23	7.79E-23					
9.35E-01	5.53E-45	7.44E-23	7.20E-23					
9.51E-01	4.73E-45	6.88E-23	6.71E-23					
9.66E-01	4.13E-45	6.42E-23	6.31E-23					
9.82E-01	3.66E-45	6.05E-23	6.00E-23					
9.98E-01	3.31E-45	5.75E-23	5.75E-23					
1.01E+00	3.05E-45	5.52E-23	5.56E-23					
1.03E+00	2.86E-45	5.35E-23	5.43E-23					
1.05E+00	2.74E-45	5.23E-23	5.35E-23					
1.06E+00	2.67E-45	5.17E-23	5.33E-23					
1.08E+00	2.67E-45	5.17E-23	5.37E-23					
1.10E+00	2.73E-45	5.23E-23	5.48E-23					
1.12E+00	2.88E-45	5.37E-23	5.67E-23					
1.14E+00	3.15E-45	5.61E-23	5.98E-23					
1.15E+00	3.58E-45	5.98E-23	6.43E-23					
1.17E+00	4.30E-45	6.56E-23	7.10E-23					
1.19E+00	5.57E-45	7.47E-23	8.15E-23					
1.21E+00	8.07E-45	8.98E-23	9.88E-23					
1.23E+00	1.40E-44	1.19E-22	1.31E-22					
1.25E+00	3.59E-44	1.89E-22	2.12E-22					
1.27E+00	3.75E-43	6.12E-22	6.90E-22					
1.29E+00	1.58E-43	3.98E-22	4.52E-22					
1.31E+00	1.94E-44	1.39E-22	1.60E-22					
1.33E+00	6.55E-45	8.09E-23	9.35E-23					
1.36E+00	3.07E-45	5.54E-23	6.45E-23					
1.38E+00	1.70E-45	4.12E-23	4.84E-23					
1.40E+00	1.04E-45	3.23E-23	3.82E-23					
1.42E+00	6.90E-46	2.63E-23	3.13E-23					
1.45E+00	4.82E-46	2.19E-23	2.64E-23					
1.47E+00	3.51E-46	1.87E-23	2.27E-23					
1.49E+00	2.66E-46	1.63E-23	1.99E-23					
1.52E+00	2.07E-46	1.44E-23	1.77E-23					
1.54E+00	1.67E-46	1.29E-23	1.60E-23					
1.57E+00	1.38E-46	1.17E-23	1.47E-23					
1.59E+00	1.17E-46	1.08E-23	1.36E-23					
1.62E+00	1.02E-46	1.01E-23	1.28E-23					
1.65E+00	9.08E-47	9.53E-24	1.22E-23					
1.67E+00	8.35E-47	9.14E-24	1.18E-23					
1.70E+00	7.93E-47	8.91E-24	1.16E-23					
1.73E+00	7.82E-47	8.84E-24	1.16E-23					
1.75E+00	8.07E-47	8.98E-24	1.19E-23					
1.78E+00	8.81E-47	9.39E-24	1.25E-23					
1.81E+00	1.04E-46	1.02E-23	1.37E-23					
1.84E+00	1.37E-46	1.17E-23	1.59E-23					
1.87E+00	2.15E-46	1.47E-23	2.01E-23					
1.90E+00	4.72E-46	2.17E-23	3.00E-23					
1.93E+00	2.75E-45	5.25E-23	7.29E-23					
1.96E+00	6.79E-45	8.24E-23	1.15E-22					
2.00E+00	4.60E-46	2.15E-23	3.03E-23					
2.03E+00	1.45E-46	1.20E-23	1.71E-23					
2.06E+00	6.92E-47	8.32E-24	1.19E-23					
2.10E+00	4.07E-47	6.38E-24	9.24E-24					
2.13E+00	2.72E-47	5.22E-24	7.61E-24					
2.16E+00	1.98E-47	4.45E-24	6.55E-24					
2.20E+00	1.53E-47	3.91E-24	5.80E-24					
2.24E+00	1.24E-47	3.52E-24	5.26E-24					
2.27E+00	1.04E-47	3.22E-24	4.86E-24					
2.31E+00	8.91E-48	2.98E-24	4.54E-24					
2.35E+00	7.80E-48	2.79E-24	4.28E-24					
2.38E+00	6.94E-48	2.63E-24	4.07E-24					
2.42E+00	6.24E-48	2.50E-24	3.89E-24					
2.46E+00	5.67E-48	2.38E-24	3.74E-24					
2.50E+00	5.19E-48	2.28E-24	3.60E-24					
2.54E+00	4.78E-48	2.19E-24	3.49E-24					
2.58E+00	4.43E-48	2.10E-24	3.38E-24					
2.63E+00	4.12E-48	2.03E-24	3.29E-24					
2.67E+00	3.84E-48	1.96E-24	3.20E-24					
2.71E+00	3.59E-48	1.90E-24	3.12E-24					
2.76E+00	3.37E-48	1.84E-24	3.05E-24					
2.80E+00	3.17E-48	1.78E-24	2.98E-24					
2.85E+00	2.98E-48	1.73E-24	2.92E-24					
2.89E+00	2.82E-48	1.68E-24	2.85E-24					
2.94E+00	2.66E-48	1.63E-24	2.80E-24					
2.99E+00	2.52E-48	1.59E-24	2.74E-24					
3.04E+00	2.38E-48	1.54E-24	2.69E-24					
3.09E+00	2.26E-48	1.50E-24	2.64E-24					
3.14E+00	2.14E-48	1.46E-24	2.59E-24					
3.19E+00	2.03E-48	1.43E-24	2.55E-24					
3.24E+00	1.93E-48	1.39E-24	2.50E-24					
3.29E+00	1.84E-48	1.35E-24	2.46E-24					
3.35E+00	1.75E-48	1.32E-24	2.42E-24					
3.40E+00	1.66E-48	1.29E-24	2.38E-24					
3.46E+00	1.58E-48	1.26E-24	2.34E-24					
3.51E+00	1.51E-48	1.23E-24	2.30E-24					
3.57E+00	1.44E-48	1.20E-24	2.27E-24					
3.63E+00	1.37E-48	1.17E-24	2.23E-24					
3.69E+00	1.31E-48	1.15E-24	2.20E-24					
3.75E+00	1.25E-48	1.12E-24	2.17E-24					
3.81E+00	1.20E-48	1.09E-24	2.14E-24					
3.87E+00	1.15E-48	1.07E-24	2.11E-24					
3.93E+00	1.10E-48	1.05E-24	2.08E-24					
4.00E+00	1.05E-48	1.03E-24	2.05E-24					
4.06E+00	1.01E-48	1.00E-24	2.02E-24					
4.13E+00	9.66E-49	9.83E-25	2.00E-24					
4.19E+00	9.27E-49	9.63E-25	1.97E-24					
4.26E+00	8.90E-49	9.43E-25	1.95E-24					
4.33E+00	8.55E-49	9.25E-25	1.92E-24					
4.40E+00	8.22E-49	9.07E-25	1.90E-24					
4.47E+00	7.91E-49	8.89E-25	1.88E-24					
4.55E+00	7.62E-49	8.73E-25	1.86E-24					
4.62E+00	7.34E-49	8.57E-25	1.84E-24					
4.70E+00	7.08E-49	8.41E-25	1.82E-24					
4.77E+00	6.83E-49	8.26E-25	1.81E-24					
4.85E+00	6.59E-49	8.12E-25	1.79E-24					
4.93E+00	6.37E-49	7.98E-25	1.77E-24					
5.01E+00	6.16E-49	7.85E-25	1.76E-24					
5.09E+00	5.96E-49	7.72E-25	1.74E-24					
5.17E+00	5.77E-49	7.60E-25	1.73E-24					
5.26E+00	5.59E-49	7.48E-25	1.71E-24					
5.34E+00	5.42E-49	7.36E-25	1.70E-24					
5.43E+00	5.26E-49	7.25E-25	1.69E-24					
5.52E+00	5.11E-49	7.15E-25	1.68E-24					
5.61E+00	4.97E-49	7.05E-25	1.67E-24					
5.70E+00	4.83E-49	6.95E-25	1.66E-24					
5.79E+00	4.70E-49	6.86E-25	1.65E-24					
5.89E+00	4.58E-49	6.76E-25	1.64E-24					
5.98E+00	4.46E-49	6.68E-25	1.63E-24					
6.08E+00	4.35E-49	6.59E-25	1.63E-24					
6.18E+00	4.24E-49	6.51E-25	1.62E-24					
6.28E+00	4.14E-49	6.43E-25	1.61E-24					
6.38E+00	4.04E-49	6.36E-25	1.61E-24					
6.48E+00	3.95E-49	6.29E-25	1.60E-24					
6.59E+00	3.87E-49	6.22E-25	1.60E-24					
6.70E+00	3.78E-49	6.15E-25	1.59E-24					
6.81E+00	3.71E-49	6.09E-25	1.59E-24					
6.92E+00	3.63E-49	6.02E-25	1.58E-24					
7.03E+00	3.56E-49	5.97E-25	1.58E-24					
7.14E+00	3.49E-49	5.91E-25	1.58E-24					
7.26E+00	3.42E-49	5.85E-25	1.58E-24					
7.38E+00	3.36E-49	5.80E-25	1.57E-24					
7.50E+00	3.30E-49	5.75E-25	1.57E-24					
7.62E+00	3.25E-49	5.70E-25	1.57E-24					
7.74E+00	3.19E-49	5.65E-25	1.57E-24					
7.87E+00	3.14E-49	5.60E-25	1.57E-24					
8.00E+00	3.09E-49	5.56E-25	1.57E-24					
8.13E+00	3.04E-49	5.52E-25	1.57E-24					
8.26E+00	3.00E-49	5.47E-25	1.57E-24					
8.39E+00	2.95E-49	5.43E-25	1.57E-24					
8.53E+00	2.91E-49	5.39E-25	1.58E-24					
8.67E+00	2.87E-49	5.36E-25	1.58E-24					
8.81E+00	2.83E-49	5.32E-25	1.58E-24					
8.95E+00	2.79E-49	5.29E-25	1.58E-24					
9.10E+00	2.76E-49	5.25E-25	1.58E-24					
9.25E+00	2.73E-49	5.22E-25	1.59E-24					
9.40E+00	2.69E-49	5.19E-25	1.59E-24					
9.55E+00	2.66E-49	5.16E-25	1.59E-24					
9.70E+00	2.63E-49	5.13E-25	1.60E-24					
9.86E+00	2.60E-49	5.10E-25	1.60E-24					
1.00E+01	2.57E-49	5.07E-25	1.61E-24					
1.02E+01	2.55E-49	5.05E-25	1.61E-24					
1.04E+01	2.52E-49	5.02E-25	1.62E-24					
1.05E+01	2.50E-49	5.00E-25	1.62E-24					
1.07E+01	2.47E-49	4.97E-25	1.63E-24					
1.09E+01	2.45E-49	4.95E-25	1.63E-24					
1.10E+01	2.43E-49	4.93E-25	1.64E-24					
1.12E+01	2.41E-49	4.91E-25	1.64E-24					
1.14E+01	2.39E-49	4.89E-25	1.65E-24					
1.16E+01	2.37E-49	4.87E-25	1.66E-24					
1.18E+01	2.35E-49	4.85E-25	1.66E-24					
1.20E+01	2.33E-49	4.83E-25	1.67E-24					
1.22E+01	2.31E-49	4.81E-25	1.68E-24					
1.24E+01	2.30E-49	4.79E-25	1.68E-24					
1.26E+01	2.28E-49	4.77E-25	1.69E-24					
1.28E+01	2.26E-49	4.76E-25	1.70E-24					
1.30E+01	2.25E-49	4.74E-25	1.71E-24					
1.32E+01	2.23E-49	4.73E-25	1.72E-24					
1.34E+01	2.22E-49	4.71E-25	1.72E-24					
1.36E+01	2.21E-49	4.70E-25	1.73E-24					
1.38E+01	2.19E-49	4.68E-25	1.74E-24					
1.41E+01	2.18E-49	4.67E-25	1.75E-24					
1.43E+01	2.17E-49	4.65E-25	1.76E-24					
1.45E+01	2.15E-49	4.64E-25	1.77E-24					
1.48E+01	2.14E-49	4.63E-25	1.78E-24					
1.50E+01	2.13E-49	4.62E-25	1.79E-24					
1.52E+01	2.12E-49	4.61E-25	1.80E-24					
1.55E+01	2.11E-49	4.59E-25	1.81E-24					
1.57E+01	2.10E-49	4.58E-25	1.82E-24					
1.60E+01	2.09E-49	4.57E-25	1.83E-24					
1.63E+01	2.08E-49	4.56E-25	1.84E-24					
1.65E+01	2.07E-49	4.55E-25	1.85E-24					
1.68E+01	2.06E-49	4.54E-25	1.86E-24					
1.71E+01	2.06E-49	4.53E-25	1.87E-24					
1.73E+01	2.05E-49	4.53E-25	1.88E-24					
1.76E+01	2.04E-49	4.52E-25	1.90E-24					
1.79E+01	2.03E-49	4.51E-25	1.91E-24					
1.82E+01	2.02E-49	4.50E-25	1.92E-24					
1.85E+01	2.02E-49	4.49E-25	1.93E-24					
1.88E+01	2.01E-49	4.48E-25	1.94E-24					
1.91E+01	2.00E-49	4.48E-25	1.96E-24					
1.94E+01	2.00E-49	4.47E-25	1.97E-24					
1.97E+01	1.99E-49	4.46E-25	1.98E-24					
2.01E+01	1.99E-49	4.46E-25	2.00E-24					
2.04E+01	1.98E-49	4.45E-25	2.01E-24					
2.07E+01	1.97E-49	4.44E-25	2.02E-24					
2.11E+01	1.97E-49	4.44E-25	2.04E-24					
2.14E+01	1.96E-49	4.43E-25	2.05E-24					
2.17E+01	1.96E-49	4.42E-25	2.06E-24					
2.21E+01	1.95E-49	4.42E-25	2.08E-24					
2.25E+01	1.95E-49	4.41E-25	2.09E-24					
2.28E+01	1.94E-49	4.41E-25	2.11E-24					
2.32E+01	1.94E-49	4.40E-25	2.12E-24					
2.36E+01	1.93E-49	4.40E-25	2.14E-24					
2.40E+01	1.93E-49	4.39E-25	2.15E-24					
2.43E+01	1.93E-49	4.39E-25	2.17E-24					
2.47E+01	1.92E-49	4.38E-25	2.18E-24					
2.51E+01	1.92E-49	4.38E-25	2.20E-24					
2.56E+01	1.91E-49	4.38E-25	2.21E-24					
2.60E+01	1.91E-49	4.37E-25	2.23E-24					
2.64E+01	1.91E-49	4.37E-25	2.24E-24					
2.68E+01	1.90E-49	4.36E-25	2.26E-24					
2.73E+01	1.90E-49	4.36E-25	2.28E-24					
2.77E+01	1.90E-49	4.36E-25	2.29E-24					
2.81E+01	1.89E-49	4.35E-25	2.31E-24					
2.86E+01	1.89E-49	4.35E-25	2.33E-24					
2.91E+01	1.89E-49	4.35E-25	2.34E-24					
2.95E+01	1.89E-49	4.34E-25	2.36E-24					
3.00E+01	1.88E-49	4.34E-25	2.38E-24					
3.05E+01	1.88E-49	4.34E-25	2.40E-24					
3.10E+01	1.88E-49	4.33E-25	2.41E-24					
3.15E+01	1.88E-49	4.33E-25	2.43E-24					
3.20E+01	1.87E-49	4.33E-25	2.45E-24					
3.25E+01	1.87E-49	4.32E-25	2.47E-24					
3.31E+01	1.87E-49	4.32E-25	2.49E-24					
3.36E+01	1.87E-49	4.32E-25	2.50E-24					
3.42E+01	1.86E-49	4.32E-25	2.52E-24					
3.47E+01	1.86E-49	4.32E-25	2.54E-24					
3.53E+01	1.86E-49	4.31E-25	2.56E-24					
3.59E+01	1.86E-49	4.31E-25	2.58E-24					
3.64E+01	1.86E-49	4.31E-25	2.60E-24					
3.70E+01	1.85E-49	4.31E-25	2.62E-24					
3.76E+01	1.85E-49	4.30E-25	2.64E-24					
3.82E+01	1.85E-49	4.30E-25	2.66E-24					
3.89E+01	1.85E-49	4.30E-25	2.68E-24					
3.95E+01	1.85E-49	4.30E-25	2.70E-24					
4.01E+01	1.85E-49	4.30E-25	2.72E-24					
4.08E+01	1.85E-49	4.30E-25	2.74E-24					
4.15E+01	1.84E-49	4.29E-25	2.76E-24					
4.21E+01	1.84E-49	4.29E-25	2.79E-24					
4.28E+01	1.84E-49	4.29E-25	2.81E-24					
4.35E+01	1.84E-49	4.29E-25	2.83E-24					
4.42E+01	1.84E-49	4.29E-25	2.85E-24					
4.49E+01	1.84E-49	4.29E-25	2.87E-24					
4.57E+01	1.84E-49	4.29E-25	2.90E-24					
4.64E+01	1.84E-49	4.28E-25	2.92E-24					
4.72E+01	1.83E-49	4.28E-25	2.94E-24					
4.79E+01	1.83E-49	4.28E-25	2.96E-24					
4.87E+01	1.83E-49	4.28E-25	2.99E-24					
4.95E+01	1.83E-49	4.28E-25	3.01E-24					
5.03E+01	1.83E-49	4.28E-25	3.03E-24					
5.11E+01	1.83E-49	4.28E-25	3.06E-24					
5.20E+01	1.83E-49	4.28E-25	3.08E-24					
5.28E+01	1.83E-49	4.28E-25	3.11E-24					
5.37E+01	1.83E-49	4.27E-25	3.13E-24					
5.45E+01	1.83E-49	4.27E-25	3.16E-24					
5.54E+01	1.83E-49	4.27E-25	3.18E-24					
5.63E+01	1.83E-49	4.27E-25	3.21E-24					
5.72E+01	1.82E-49	4.27E-25	3.23E-24					
5.82E+01	1.82E-49	4.27E-25	3.26E-24					
5.91E+01	1.82E-49	4.27E-25	3.28E-24					
6.01E+01	1.82E-49	4.27E-25	3.31E-24					
6.11E+01	1.82E-49	4.27E-25	3.34E-24					
6.21E+01	1.82E-49	4.27E-25	3.36E-24					
6.31E+01	1.82E-49	4.27E-25	3.39E-24					
6.41E+01	1.82E-49	4.27E-25	3.42E-24					
6.51E+01	1.82E-49	4.27E-25	3.44E-24					
6.62E+01	1.82E-49	4.27E-25	3.47E-24					
6.73E+01	1.82E-49	4.27E-25	3.50E-24					
6.84E+01	1.82E-49	4.27E-25	3.53E-24					
6.95E+01	1.82E-49	4.27E-25	3.56E-24					
7.06E+01	1.82E-49	4.27E-25	3.58E-24					
7.18E+01	1.82E-49	4.27E-25	3.61E-24					
7.29E+01	1.82E-49	4.27E-25	3.64E-24					
7.41E+01	1.82E-49	4.26E-25	3.67E-24					
7.53E+01	1.82E-49	4.26E-25	3.70E-24					
7.65E+01	1.82E-49	4.26E-25	3.73E-24					
7.78E+01	1.82E-49	4.26E-25	3.76E-24					
7.90E+01	1.82E-49	4.26E-25	3.79E-24					
8.03E+01	1.82E-49	4.26E-25	3.82E-24					
8.16E+01	1.82E-49	4.26E-25	3.85E-24					
8.30E+01	1.82E-49	4.26E-25	3.88E-24					
8.43E+01	1.82E-49	4.26E-25	3.92E-24					
8.57E+01	1.82E-49	4.26E-25	3.95E-24					
8.71E+01	1.82E-49	4.27E-25	3.98E-24					
8.85E+01	1.82E-49	4.27E-25	4.01E-24					
8.99E+01	1.82E-49	4.27E-25	4.05E-24					
9.14E+01	1.82E-49	4.27E-25	4.08E-24					
9.29E+01	1.82E-49	4.27E-25	4.11E-24					
9.44E+01	1.82E-49	4.27E-25	4.15E-24					
9.59E+01	1.82E-49	4.27E-25	4.18E-24					
9.75E+01	1.82E-49	4.27E-25	4.21E-24					
9.91E+01	1.82E-49	4.27E-25	4.25E-24					
1.01E+02	1.82E-49	4.27E-25	4.28E-24					
1.02E+02	1.82E-49	4.27E-25	4.32E-24					
1.04E+02	1.82E-49	4.27E-25	4.35E-24					
1.06E+02	1.82E-49	4.27E-25	4.39E-24					
1.07E+02	1.82E-49	4.27E-25	4.43E-24					
1.09E+02	1.82E-49	4.27E-25	4.46E-24					
1.11E+02	1.82E-49	4.27E-25	4.50E-24					
1.13E+02	1.83E-49	4.27E-25	4.54E-24					
1.15E+02	1.83E-49	4.27E-25	4.57E-24					
1.16E+02	1.83E-49	4.27E-25	4.61E-24					
1.18E+02	1.83E-49	4.28E-25	4.65E-24					
1.20E+02	1.83E-49	4.28E-25	4.69E-24					
1.22E+02	1.83E-49	4.28E-25	4.73E-24					
1.24E+02	1.83E-49	4.28E-25	4.77E-24					
1.26E+02	1.83E-49	4.28E-25	4.81E-24					
1.28E+02	1.83E-49	4.28E-25	4.85E-24					
1.30E+02	1.83E-49	4.28E-25	4.89E-24					
1.32E+02	1.83E-49	4.28E-25	4.93E-24					
1.35E+02	1.84E-49	4.28E-25	4.97E-24					
1.37E+02	1.84E-49	4.29E-25	5.01E-24					
1.39E+02	1.84E-49	4.29E-25	5.06E-24					
1.41E+02	1.84E-49	4.29E-25	5.10E-24					
1.44E+02	1.84E-49	4.29E-25	5.14E-24					
1.46E+02	1.84E-49	4.29E-25	5.18E-24					
1.48E+02	1.84E-49	4.29E-25	5.23E-24					
1.51E+02	1.84E-49	4.30E-25	5.27E-24					
1.53E+02	1.85E-49	4.30E-25	5.32E-24					
1.56E+02	1.85E-49	4.30E-25	5.36E-24					
1.58E+02	1.85E-49	4.30E-25	5.41E-24					
1.61E+02	1.85E-49	4.30E-25	5.46E-24					
1.63E+02	1.85E-49	4.31E-25	5.50E-24					
1.66E+02	1.86E-49	4.31E-25	5.55E-24					
1.69E+02	1.86E-49	4.31E-25	5.60E-24					
1.71E+02	1.86E-49	4.31E-25	5.65E-24					
1.74E+02	1.86E-49	4.31E-25	5.70E-24					
1.77E+02	1.86E-49	4.32E-25	5.74E-24					
1.80E+02	1.87E-49	4.32E-25	5.80E-24					
1.83E+02	1.87E-49	4.32E-25	5.85E-24					
1.86E+02	1.87E-49	4.33E-25	5.90E-24					
1.89E+02	1.87E-49	4.33E-25	5.95E-24					
1.92E+02	1.88E-49	4.33E-25	6.00E-24					
1.95E+02	1.88E-49	4.33E-25	6.05E-24					
1.98E+02	1.88E-49	4.34E-25	6.11E-24					
2.02E+02	1.88E-49	4.34E-25	6.16E-24					
2.05E+02	1.89E-49	4.34E-25	6.22E-24					
2.08E+02	1.89E-49	4.35E-25	6.27E-24					
2.12E+02	1.89E-49	4.35E-25	6.33E-24					
2.15E+02	1.90E-49	4.36E-25	6.38E-24					
2.18E+02	1.90E-49	4.36E-25	6.44E-24					
2.22E+02	1.90E-49	4.36E-25	6.50E-24					
2.26E+02	1.91E-49	4.37E-25	6.56E-24					
2.29E+02	1.91E-49	4.37E-25	6.62E-24					
2.33E+02	1.92E-49	4.38E-25	6.68E-24					
2.37E+02	1.92E-49	4.38E-25	6.74E-24					
2.41E+02	1.92E-49	4.39E-25	6.80E-24					
2.45E+02	1.93E-49	4.39E-25	6.87E-24					
2.49E+02	1.93E-49	4.40E-25	6.93E-24					
2.53E+02	1.94E-49	4.40E-25	6.99E-24					
2.57E+02	1.94E-49	4.41E-25	7.06E-24					
2.61E+02	1.95E-49	4.41E-25	7.13E-24					
2.65E+02	1.95E-49	4.42E-25	7.19E-24					
2.69E+02	1.96E-49	4.42E-25	7.26E-24					
2.74E+02	1.96E-49	4.43E-25	7.33E-24					
2.78E+02	1.97E-49	4.44E-25	7.40E-24					
2.83E+02	1.97E-49	4.44E-25	7.47E-24					
2.87E+02	1.98E-49	4.45E-25	7.54E-24					
2.92E+02	1.99E-49	4.46E-25	7.62E-24					
2.97E+02	1.99E-49	4.47E-25	7.69E-24					
3.02E+02	2.00E-49	4.47E-25	7.77E-24					
3.07E+02	2.01E-49	4.48E-25	7.84E-24					
3.12E+02	2.01E-49	4.49E-25	7.92E-24					
3.17E+02	2.02E-49	4.50E-25	8.00E-24					
3.22E+02	2.03E-49	4.51E-25	8.08E-24					
3.27E+02	2.04E-49	4.51E-25	8.16E-24					
3.32E+02	2.05E-49	4.52E-25	8.25E-24					
3.38E+02	2.06E-49	4.53E-25	8.33E-24					
3.43E+02	2.06E-49	4.54E-25	8.42E-24					
3.49E+02	2.07E-49	4.55E-25	8.50E-24					
3.54E+02	2.08E-49	4.56E-25	8.59E-24					
3.60E+02	2.09E-49	4.57E-25	8.68E-24					
3.66E+02	2.10E-49	4.59E-25	8.77E-24					
3.72E+02	2.11E-49	4.60E-25	8.87E-24					
3.78E+02	2.12E-49	4.61E-25	8.96E-24					
3.84E+02	2.14E-49	4.62E-25	9.06E-24					
3.90E+02	2.15E-49	4.63E-25	9.16E-24					
3.97E+02	2.16E-49	4.65E-25	9.26E-24					
4.03E+02	2.17E-49	4.66E-25	9.36E-24					
4.10E+02	2.19E-49	4.68E-25	9.47E-24					
4.17E+02	2.20E-49	4.69E-25	9.57E-24					
4.23E+02	2.21E-49	4.70E-25	9.68E-24					
4.30E+02	2.23E-49	4.72E-25	9.79E-24					
4.37E+02	2.24E-49	4.74E-25	9.90E-24					
4.44E+02	2.26E-49	4.75E-25	1.00E-23					
4.51E+02	2.27E-49	4.77E-25	1.01E-23					
4.59E+02	2.29E-49	4.79E-25	1.03E-23					
4.66E+02	2.31E-49	4.80E-25	1.04E-23					
4.74E+02	2.33E-49	4.82E-25	1.05E-23					
4.82E+02	2.35E-49	4.84E-25	1.06E-23					
4.89E+02	2.36E-49	4.86E-25	1.08E-23					
4.97E+02	2.38E-49	4.88E-25	1.09E-23					
5.05E+02	2.41E-49	4.90E-25	1.10E-23					
5.14E+02	2.43E-49	4.93E-25	1.12E-23					
5.22E+02	2.45E-49	4.95E-25	1.13E-23					
5.31E+02	2.47E-49	4.97E-25	1.15E-23					
5.39E+02	2.50E-49	5.00E-25	1.16E-23					
5.48E+02	2.52E-49	5.02E-25	1.18E-23					
5.57E+02	2.55E-49	5.05E-25	1.19E-23					
5.66E+02	2.57E-49	5.07E-25	1.21E-23					
5.75E+02	2.60E-49	5.10E-25	1.22E-23					
5.84E+02	2.63E-49	5.13E-25	1.24E-23					
5.94E+02	2.66E-49	5.16E-25	1.26E-23					
6.04E+02	2.69E-49	5.19E-25	1.27E-23					
6.13E+02	2.72E-49	5.22E-25	1.29E-23					
6.23E+02	2.75E-49	5.25E-25	1.31E-23					
6.34E+02	2.79E-49	5.28E-25	1.33E-23					
6.44E+02	2.82E-49	5.31E-25	1.35E-23					
6.54E+02	2.86E-49	5.35E-25	1.37E-23					
6.65E+02	2.90E-49	5.39E-25	1.39E-23					
6.76E+02	2.94E-49	5.42E-25	1.41E-23					
6.87E+02	2.98E-49	5.46E-25	1.43E-23					
6.98E+02	3.03E-49	5.50E-25	1.45E-23					
7.09E+02	3.07E-49	5.54E-25	1.48E-23					
7.21E+02	3.12E-49	5.58E-25	1.50E-23					
7.33E+02	3.17E-49	5.63E-25	1.52E-23					
7.45E+02	3.22E-49	5.67E-25	1.55E-23					
7.57E+02	3.27E-49	5.72E-25	1.57E-23					
7.69E+02	3.32E-49	5.76E-25	1.60E-23					
7.81E+02	3.38E-49	5.81E-25	1.63E-23					
7.94E+02	3.44E-49	5.86E-25	1.65E-23					
8.07E+02	3.50E-49	5.92E-25	1.68E-23					
8.20E+02	3.56E-49	5.97E-25	1.71E-23					
8.34E+02	3.63E-49	6.03E-25	1.74E-23					
8.47E+02	3.70E-49	6.08E-25	1.77E-23					
8.61E+02	3.77E-49	6.14E-25	1.80E-23					
8.75E+02	3.85E-49	6.20E-25	1.84E-23					
8.89E+02	3.93E-49	6.27E-25	1.87E-23					
9.04E+02	4.01E-49	6.33E-25	1.90E-23					
9.18E+02	4.09E-49	6.40E-25	1.94E-23					
9.33E+02	4.18E-49	6.47E-25	1.98E-23					
9.48E+02	4.28E-49	6.54E-25	2.01E-23					
9.64E+02	4.37E-49	6.61E-25	2.05E-23					
9.79E+02	4.48E-49	6.69E-25	2.09E-23					
9.95E+02	4.58E-49	6.77E-25	2.14E-23					
1.01E+03	4.69E-49	6.85E-25	2.18E-23					
1.03E+03	4.81E-49	6.93E-25	2.22E-23					
1.04E+03	4.93E-49	7.02E-25	2.27E-23					
1.06E+03	5.05E-49	7.11E-25	2.32E-23					
1.08E+03	5.19E-49	7.20E-25	2.37E-23					
1.10E+03	5.32E-49	7.30E-25	2.42E-23					
1.11E+03	5.47E-49	7.39E-25	2.47E-23					
1.13E+03	5.62E-49	7.50E-25	2.52E-23					
1.15E+03	5.78E-49	7.60E-25	2.58E-23					
1.17E+03	5.94E-49	7.71E-25	2.64E-23					
1.19E+03	6.11E-49	7.82E-25	2.70E-23					
1.21E+03	6.30E-49	7.94E-25	2.76E-23					
1.23E+03	6.49E-49	8.05E-25	2.82E-23					
1.25E+03	6.69E-49	8.18E-25	2.89E-23					
1.27E+03	6.90E-49	8.30E-25	2.96E-23					
1.29E+03	7.12E-49	8.44E-25	3.03E-23					
1.31E+03	7.35E-49	8.57E-25	3.10E-23					
1.33E+03	7.59E-49	8.71E-25	3.18E-23					
1.35E+03	7.85E-49	8.86E-25	3.26E-23					
1.37E+03	8.11E-49	9.01E-25	3.34E-23					
1.40E+03	8.40E-49	9.16E-25	3.42E-23					
1.42E+03	8.69E-49	9.32E-25	3.51E-23					
1.44E+03	9.00E-49	9.49E-25	3.60E-23					
1.47E+03	9.33E-49	9.66E-25	3.70E-23					
1.49E+03	9.68E-49	9.84E-25	3.80E-23					
1.51E+03	1.00E-48	1.00E-24	3.90E-23					
1.54E+03	1.04E-48	1.02E-24	4.01E-23					
1.56E+03	1.08E-48	1.04E-24	4.12E-23					
1.59E+03	1.13E-48	1.06E-24	4.23E-23					
1.62E+03	1.17E-48	1.08E-24	4.35E-23					
1.64E+03	1.22E-48	1.10E-24	4.47E-23					
1.67E+03	1.27E-48	1.13E-24	4.60E-23					
1.70E+03	1.32E-48	1.15E-24	4.74E-23					
1.72E+03	1.38E-48	1.18E-24	4.88E-23					
1.75E+03	1.44E-48	1.20E-24	5.02E-23					
1.78E+03	1.50E-48	1.23E-24	5.17E-23					
1.81E+03	1.57E-48	1.25E-24	5.33E-23					
1.84E+03	1.64E-48	1.28E-24	5.50E-23					
1.87E+03	1.72E-48	1.31E-24	5.67E-23					
1.90E+03	1.80E-48	1.34E-24	5.85E-23					
1.93E+03	1.89E-48	1.37E-24	6.03E-23					
1.96E+03	1.98E-48	1.41E-24	6.23E-23					
1.99E+03	2.08E-48	1.44E-24	6.43E-23					
2.02E+03	2.18E-48	1.48E-24	6.64E-23					
2.06E+03	2.29E-48	1.51E-24	6.87E-23					
2.09E+03	2.41E-48	1.55E-24	7.10E-23					
2.12E+03	2.54E-48	1.59E-24	7.34E-23					
2.16E+03	2.67E-48	1.63E-24	7.60E-23					
2.19E+03	2.82E-48	1.68E-24	7.86E-23					
2.23E+03	2.97E-48	1.72E-24	8.14E-23					
2.27E+03	3.14E-48	1.77E-24	8.43E-23					
2.30E+03	3.32E-48	1.82E-24	8.74E-23					
2.34E+03	3.51E-48	1.87E-24	9.06E-23					
2.38E+03	3.72E-48	1.93E-24	9.40E-23					
2.42E+03	3.94E-48	1.98E-24	9.76E-23					
2.46E+03	4.18E-48	2.04E-24	1.01E-22					
2.50E+03	4.44E-48	2.11E-24	1.05E-22					
2.54E+03	4.71E-48	2.17E-24	1.09E-22					
2.58E+03	5.02E-48	2.24E-24	1.14E-22					
2.62E+03	5.34E-48	2.31E-24	1.18E-22					
2.66E+03	5.69E-48	2.39E-24	1.23E-22					
2.71E+03	6.07E-48	2.46E-24	1.28E-22					
2.75E+03	6.48E-48	2.55E-24	1.34E-22					
2.80E+03	6.92E-48	2.63E-24	1.39E-22					
2.84E+03	7.40E-48	2.72E-24	1.45E-22					
2.89E+03	7.91E-48	2.81E-24	1.51E-22					
2.93E+03	8.45E-48	2.91E-24	1.57E-22					
2.98E+03	9.03E-48	3.00E-24	1.64E-22					
3.03E+03	9.62E-48	3.10E-24	1.71E-22					
3.08E+03	1.02E-47	3.20E-24	1.78E-22					
3.13E+03	1.08E-47	3.29E-24	1.84E-22					
3.18E+03	1.14E-47	3.38E-24	1.91E-22					
3.23E+03	1.19E-47	3.46E-24	1.97E-22					
3.28E+03	1.24E-47	3.51E-24	2.01E-22					
3.34E+03	1.26E-47	3.55E-24	2.05E-22					
3.39E+03	1.26E-47	3.55E-24	2.07E-22					
3.45E+03	1.23E-47	3.51E-24	2.06E-22					
3.50E+03	1.17E-47	3.42E-24	2.03E-22					
3.56E+03	1.08E-47	3.29E-24	1.96E-22					
3.62E+03	9.64E-48	3.11E-24	1.87E-22					
3.68E+03	8.34E-48	2.89E-24	1.75E-22					
3.74E+03	7.00E-48	2.65E-24	1.62E-22					
3.80E+03	5.74E-48	2.40E-24	1.48E-22					
3.86E+03	4.64E-48	2.16E-24	1.34E-22					
3.92E+03	3.75E-48	1.94E-24	1.21E-22					
3.99E+03	3.08E-48	1.75E-24	1.11E-22					
4.05E+03	2.62E-48	1.62E-24	1.03E-22					
4.12E+03	2.36E-48	1.54E-24	9.85E-23					
4.18E+03	2.27E-48	1.51E-24	9.75E-23					
4.25E+03	2.34E-48	1.53E-24	9.97E-23					
4.32E+03	2.54E-48	1.59E-24	1.05E-22					
4.39E+03	2.85E-48	1.69E-24	1.12E-22					
4.46E+03	3.26E-48	1.81E-24	1.21E-22					
4.54E+03	3.76E-48	1.94E-24	1.31E-22					
4.61E+03	4.35E-48	2.08E-24	1.42E-22					
4.68E+03	5.01E-48	2.24E-24	1.53E-22					
4.76E+03	5.74E-48	2.40E-24	1.65E-22					
4.84E+03	6.55E-48	2.56E-24	1.78E-22					
4.92E+03	7.43E-48	2.72E-24	1.91E-22					
5.00E+03	8.38E-48	2.89E-24	2.05E-22					
5.08E+03	9.40E-48	3.07E-24	2.18E-22					
5.16E+03	1.05E-47	3.24E-24	2.33E-22					
5.24E+03	1.17E-47	3.42E-24	2.48E-22					
5.33E+03	1.29E-47	3.60E-24	2.63E-22					
5.42E+03	1.43E-47	3.78E-24	2.78E-22					
5.50E+03	1.57E-47	3.97E-24	2.94E-22					
5.59E+03	1.73E-47	4.16E-24	3.11E-22					
5.69E+03	1.89E-47	4.35E-24	3.28E-22					
5.78E+03	2.07E-47	4.55E-24	3.46E-22					
5.87E+03	2.26E-47	4.75E-24	3.64E-22					
5.97E+03	2.46E-47	4.96E-24	3.83E-22					
6.06E+03	2.67E-47	5.17E-24	4.02E-22					
6.16E+03	2.90E-47	5.38E-24	4.22E-22					
6.26E+03	3.13E-47	5.60E-24	4.43E-22					
6.37E+03	3.38E-47	5.82E-24	4.64E-22					
6.47E+03	3.65E-47	6.04E-24	4.86E-22					
6.57E+03	3.92E-47	6.26E-24	5.08E-22					
6.68E+03	4.20E-47	6.48E-24	5.30E-22					
6.79E+03	4.48E-47	6.69E-24	5.51E-22					
6.90E+03	4.75E-47	6.89E-24	5.72E-22					
7.01E+03	4.98E-47	7.06E-24	5.91E-22					
7.13E+03	5.16E-47	7.18E-24	6.06E-22					
7.24E+03	5.20E-47	7.21E-24	6.14E-22					
7.36E+03	5.01E-47	7.08E-24	6.08E-22					
7.48E+03	4.45E-47	6.67E-24	5.77E-22					
7.60E+03	3.40E-47	5.83E-24	5.09E-22					
7.72E+03	2.33E-47	4.83E-24	4.24E-22					
7.85E+03	2.50E-47	5.00E-24	4.43E-22					
7.98E+03	4.35E-47	6.59E-24	5.89E-22					
8.11E+03	6.81E-47	8.25E-24	7.43E-22					
8.24E+03	9.10E-47	9.54E-24	8.66E-22					
8.37E+03	1.11E-46	1.05E-23	9.65E-22					
8.51E+03	1.30E-46	1.14E-23	1.05E-21					
8.65E+03	1.48E-46	1.22E-23	1.13E-21					
8.79E+03	1.66E-46	1.29E-23	1.21E-21					
8.93E+03	1.86E-46	1.36E-23	1.29E-21					
9.08E+03	2.07E-46	1.44E-23	1.37E-21					
9.22E+03	2.31E-46	1.52E-23	1.46E-21					
9.38E+03	2.58E-46	1.61E-23	1.56E-21					
9.53E+03	2.90E-46	1.70E-23	1.66E-21					
9.68E+03	3.29E-46	1.81E-23	1.78E-21					
9.84E+03	3.77E-46	1.94E-23	1.93E-21					
1.00E+04	4.39E-46	2.10E-23	2.10E-21					
